start=1192.457933
volume=102.000000
